manipulate data file
UCount= 4 
ROT 1.000000 
1.000000 0.000000 0.000000 0.000000 
0.000000 1.000000 0.000000 0.000000 
0.000000 0.000000 1.000000 1.000000 
0.000000 0.000000 0.000000 0.000000 
q= 0.523333 
ROT 1.000000 
1.000000 0.000000 0.000000 0.000000 
0.000000 0.000000 -1.000000 0.000000 
0.000000 1.000000 0.000000 1.000000 
0.000000 0.000000 0.000000 0.000000 
q= 1.046667 
SHAR 1.000000 
0.000000 0.000000 1.000000 0.000000 
1.000000 0.000000 0.000000 0.000000 
0.000000 1.000000 0.000000 1.000000 
0.000000 0.000000 0.000000 0.000000 
q= 0.785000 
CATCH 0.000000 
0.000000 0.000000 1.000000 0.000000 
1.000000 0.000000 0.000000 0.000000 
0.000000 1.000000 0.000000 1.000000 
0.000000 0.000000 0.000000 0.000000 
q= 1.046667 
